1.000000000 0.000000000 0.000000000 0.000000000 0.000000000 1.000000000 0.000000000 0.000000000 0.000000000 0.000000000 1.000000000 0.000000000
0.999999881 0.000263136 0.000341381 -0.000522244 -0.000263132 0.999999940 -0.000010066 0.000100599 -0.000341383 0.000009976 0.999999940 0.000456971
0.999999940 0.000097012 0.000262255 -0.000477443 -0.000096913 0.999999940 -0.000373947 0.000537451 -0.000262291 0.000373921 0.999999881 0.000948659
1.000000000 0.000005511 0.000118029 -0.000154389 -0.000005509 1.000000000 -0.000018024 0.000086869 -0.000118029 0.000018024 1.000000000 0.000669795
0.999999881 0.000219209 0.000437225 -0.000556128 -0.000219061 0.999999940 -0.000336847 0.000364320 -0.000437299 0.000336752 0.999999821 0.000702395
1.000000000 -0.000004382 0.000192733 -0.000495488 0.000004428 1.000000000 -0.000238423 -0.000143282 -0.000192732 0.000238424 0.999999940 0.001086154
0.999999940 0.000236398 0.000124405 0.000298154 -0.000236423 0.999999940 0.000198476 -0.001733519 -0.000124358 -0.000198505 1.000000000 0.003429845
0.999999940 -0.000349983 0.000073977 -0.000279126 0.000349991 0.999999940 -0.000115514 0.000311094 -0.000073937 0.000115540 1.000000000 0.000435143
1.000000000 0.000030092 0.000234430 -0.000308659 -0.000030118 1.000000000 0.000108923 0.000203690 -0.000234427 -0.000108930 0.999999940 0.000445499
0.999999940 -0.000001144 0.000263828 -0.000458020 0.000001155 1.000000000 -0.000040471 0.000131594 -0.000263828 0.000040471 0.999999940 0.000416088
0.999999940 0.000089094 0.000360376 -0.000595459 -0.000089002 0.999999940 -0.000254597 -0.000037190 -0.000360399 0.000254565 0.999999881 0.000723185
0.999999940 -0.000028076 0.000317847 -0.001024312 0.000028094 1.000000000 -0.000056566 -0.000171597 -0.000317845 0.000056574 0.999999940 0.001741268
1.000000000 -0.000026391 0.000219213 -0.000301944 0.000026383 1.000000000 0.000039272 0.000290073 -0.000219214 -0.000039266 1.000000000 0.000314651
1.000000000 -0.000158512 -0.000064649 0.000511759 0.000158511 1.000000000 -0.000014596 -0.000239094 0.000064652 0.000014585 1.000000000 0.001088143
1.000000000 0.000109137 0.000143604 -0.000220931 -0.000109136 1.000000000 -0.000003160 -0.000050838 -0.000143604 0.000003144 1.000000000 0.000405045
1.000000000 0.000217316 -0.000092067 0.000040900 -0.000217308 1.000000000 0.000082770 0.000012971 0.000092085 -0.000082750 1.000000000 -0.000003907
0.999999940 -0.000306623 -0.000289853 -0.000044094 0.000306528 0.999999881 -0.000325989 0.000134119 0.000289953 0.000325900 0.999999881 0.001164583
0.999999881 -0.000302807 -0.000396867 -0.000142557 0.000302704 0.999999940 -0.000259625 0.000135863 0.000396946 0.000259505 0.999999881 0.000693283
0.999998987 -0.001260101 -0.000643867 -0.000084596 0.001259941 0.999999166 -0.000248714 0.000317089 0.000644179 0.000247902 0.999999762 0.000493170
0.999999940 -0.000173751 -0.000245069 -0.000665531 0.000173647 0.999999881 -0.000422060 -0.000421154 0.000245142 0.000422018 0.999999881 -0.000176517
0.999997020 -0.000738296 -0.002326592 0.007488232 0.000734458 0.999998391 -0.001649823 0.002904481 0.002327807 0.001648110 0.999995947 0.000673367
0.999999702 -0.000500948 -0.000547459 0.000156544 0.000500698 0.999999762 -0.000456028 -0.000153770 0.000547687 0.000455754 0.999999762 0.000174205
0.999998569 -0.001660645 -0.000329183 -0.000277324 0.001660295 0.999998033 -0.001059871 -0.000097145 0.000330943 0.001059323 0.999999404 0.000804980
0.999999225 -0.001130180 0.000523821 -0.000633297 0.001130665 0.999998927 -0.000927530 -0.000257713 -0.000522773 0.000928121 0.999999404 0.000913675
0.999999285 -0.001183971 -0.000033937 -0.000430020 0.001183959 0.999999225 -0.000343319 -0.000062188 0.000034344 0.000343279 0.999999940 0.000691313
0.999999106 -0.001310419 -0.000360798 -0.000027880 0.001310339 0.999999106 -0.000220736 0.000389011 0.000361087 0.000220263 0.999999881 0.000215938
0.999999225 -0.001155078 -0.000520616 -0.000220934 0.001155226 0.999999285 0.000283387 0.000059113 0.000520289 -0.000283989 0.999999821 0.000658831
1.000000000 -0.000232888 -0.000026983 -0.000536527 0.000232899 0.999999881 0.000430071 -0.000320937 0.000026883 -0.000430077 0.999999881 0.001490028
0.999999702 -0.000769522 -0.000106951 -0.001038697 0.000769560 0.999999642 0.000351625 -0.000321129 0.000106681 -0.000351707 0.999999940 0.001565412
0.999999821 -0.000567432 -0.000229333 0.000745374 0.000567515 0.999999762 0.000362926 -0.000339281 0.000229127 -0.000363056 0.999999881 0.001422342
0.999999106 -0.001042493 0.000846196 -0.000069892 0.001042070 0.999999344 0.000500347 -0.000968183 -0.000846717 -0.000499465 0.999999523 0.002959974
0.999999642 -0.000811088 -0.000098333 0.000041102 0.000811120 0.999999642 0.000317963 0.000354217 0.000098075 -0.000318043 0.999999940 -0.000298003
0.999999881 -0.000513308 -0.000008266 -0.000223829 0.000513309 0.999999881 0.000097057 -0.000377653 0.000008216 -0.000097062 1.000000000 0.002499230
0.999999762 -0.000513461 -0.000504194 0.000954321 0.000513673 0.999999762 0.000420449 -0.000794640 0.000503978 -0.000420708 0.999999762 0.001511249
1.000000000 0.000115039 -0.000102103 -0.000203000 -0.000115024 1.000000000 0.000153705 0.000199222 0.000102121 -0.000153693 1.000000000 0.000632807
0.999999762 -0.000124646 -0.000654905 0.001653234 0.000124295 0.999999821 -0.000534911 -0.000573048 0.000654972 0.000534830 0.999999642 0.003321785
0.999999940 -0.000309134 -0.000036831 -0.000228968 0.000309121 0.999999881 -0.000353574 0.000000838 0.000036941 0.000353563 0.999999940 0.000519564
0.999999881 0.000406235 0.000173094 -0.000018986 -0.000406267 0.999999881 0.000182252 -0.000061716 -0.000173020 -0.000182322 0.999999940 0.000413675
1.000000000 0.000192032 -0.000123257 0.000073824 -0.000192047 1.000000000 -0.000117433 0.000094240 0.000123234 0.000117456 1.000000000 0.000902758
1.000000000 -0.000061557 -0.000027764 -0.000151712 0.000061565 0.999999940 0.000284854 -0.000136987 0.000027746 -0.000284856 0.999999940 0.000499012
0.999999881 -0.000130302 0.000442411 -0.001019535 0.000130350 1.000000000 -0.000108632 -0.000345569 -0.000442397 0.000108689 0.999999881 0.001753009
0.999999940 -0.000177863 0.000244981 -0.001037162 0.000177861 1.000000000 0.000007398 -0.000535019 -0.000244983 -0.000007355 0.999999940 0.002373496
1.000000000 -0.000029629 0.000081951 -0.000296042 0.000029615 1.000000000 0.000171880 0.000214944 -0.000081956 -0.000171878 1.000000000 0.000291428
0.999999940 0.000006411 0.000259813 -0.000790712 -0.000006370 1.000000000 -0.000155761 -0.000167536 -0.000259814 0.000155759 0.999999940 0.001386825
1.000000000 -0.000081810 0.000205276 -0.000199977 0.000081819 1.000000000 -0.000040725 0.000144894 -0.000205273 0.000040742 1.000000000 0.000244992
0.999999940 -0.000339708 0.000206943 -0.000526018 0.000339708 0.999999940 -0.000003074 -0.000215352 -0.000206942 0.000003144 1.000000000 0.001791630
0.999999940 -0.000277791 0.000204032 -0.000811344 0.000277807 0.999999940 -0.000075554 -0.000171139 -0.000204011 0.000075611 1.000000000 0.001276047
0.999999940 -0.000249426 0.000220501 -0.000980951 0.000249354 0.999999940 0.000323907 -0.000102950 -0.000220581 -0.000323852 0.999999940 0.001414423
0.999999940 0.000251550 0.000254059 -0.000270184 -0.000251458 0.999999881 -0.000363140 0.000245752 -0.000254151 0.000363076 0.999999881 0.000600319
0.999999940 0.000237624 0.000243237 -0.000117717 -0.000237570 0.999999940 -0.000221844 0.000452006 -0.000243290 0.000221786 0.999999940 -0.000038476
0.999999881 -0.000106075 0.000463705 -0.000503707 0.000106125 1.000000000 -0.000107371 0.000228365 -0.000463693 0.000107420 0.999999881 0.000328347
0.999999881 -0.000346506 0.000338340 -0.000935928 0.000346584 0.999999940 -0.000228452 -0.000061949 -0.000338260 0.000228569 0.999999940 0.001400901
0.999999940 -0.000218872 0.000118123 -0.000272364 0.000218865 1.000000000 0.000063325 0.000068082 -0.000118137 -0.000063300 1.000000000 0.000712859
0.999999881 -0.000259238 0.000342304 -0.001244007 0.000259290 0.999999940 -0.000149333 -0.000601571 -0.000342265 0.000149421 0.999999940 0.002550613
0.999999642 -0.000859437 0.000018241 -0.000909115 0.000859444 0.999999583 -0.000361819 -0.000055126 -0.000017930 0.000361835 0.999999940 0.001343316
0.999999821 0.000211378 0.000610235 -0.000995343 -0.000211364 1.000000000 -0.000024000 -0.000131081 -0.000610240 0.000023871 0.999999821 0.001577144
0.999999762 -0.000665988 0.000080633 -0.000036011 0.000665973 0.999999762 0.000181704 0.000120731 -0.000080754 -0.000181650 1.000000000 0.001005789
0.999999940 -0.000308126 -0.000165633 -0.001482954 0.000308138 0.999999940 0.000073013 -0.000733656 0.000165610 -0.000073064 1.000000000 0.000414832
0.999999821 0.000574397 0.000280367 0.000882210 -0.000574386 0.999999821 -0.000040297 -0.001519294 -0.000280390 0.000040136 0.999999940 0.003512483
0.999999940 0.000003372 0.000380656 -0.000537309 -0.000003511 0.999999940 0.000365482 -0.000565966 -0.000380655 -0.000365483 0.999999881 0.000931026
0.999999881 0.000466092 0.000226472 -0.000414496 -0.000466217 0.999999762 0.000552469 -0.002112774 -0.000226214 -0.000552574 0.999999821 0.001746896
0.999999940 -0.000130765 0.000339968 -0.001144300 0.000130524 0.999999762 0.000707513 -0.002189762 -0.000340061 -0.000707468 0.999999702 0.001525224
0.999999881 -0.000080696 0.000477182 -0.001435547 0.000080158 0.999999344 0.001129274 -0.003466646 -0.000477273 -0.001129236 0.999999225 0.001851969
1.000000000 -0.000112645 0.000107325 -0.000429276 0.000112575 0.999999762 0.000656167 -0.001410494 -0.000107399 -0.000656155 0.999999762 0.000013354
0.999999881 -0.000498379 -0.000126871 -0.000220037 0.000498476 0.999999583 0.000770316 -0.001061100 0.000126487 -0.000770379 0.999999702 0.000418356
0.999999821 -0.000600502 -0.000070821 -0.000078038 0.000600595 0.999998927 0.001315093 -0.001886335 0.000070032 -0.001315135 0.999999106 0.000598732
1.000000000 -0.000077348 0.000171751 -0.000452869 0.000077172 0.999999464 0.001019844 -0.001189969 -0.000171830 -0.001019831 0.999999464 0.001191648
0.999999940 -0.000353486 0.000165025 -0.000159162 0.000353165 0.999998033 0.001939364 -0.002479996 -0.000165711 -0.001939306 0.999998093 0.001253444
0.999999702 0.000476211 0.000603397 -0.001236482 -0.000476590 0.999999702 0.000628344 -0.001233218 -0.000603098 -0.000628632 0.999999642 0.001305198
0.999999940 -0.000380418 0.000095319 0.000033155 0.000380318 0.999999404 0.001042411 -0.001369825 -0.000095715 -0.001042374 0.999999464 0.000879862
0.999999821 -0.000267827 -0.000515490 0.002263751 0.000268615 0.999998808 0.001527839 -0.002280428 0.000515080 -0.001527977 0.999998689 0.001239870
0.999999940 0.000297254 0.000079822 -0.000351192 -0.000297428 0.999997556 0.002182352 -0.001592856 -0.000079173 -0.002182375 0.999997616 -0.000480025
0.999999762 -0.000639647 -0.000239342 0.000247971 0.000640223 0.999996901 0.002414628 -0.001305694 0.000237797 -0.002414781 0.999997079 -0.000969936
0.999999583 -0.000901109 0.000016658 -0.000354151 0.000901035 0.999991715 0.003970005 -0.001772684 -0.000020236 -0.003969988 0.999992132 0.000604443
1.000000000 -0.000047171 0.000148064 0.000135149 0.000046272 0.999981582 0.006064656 -0.001365934 -0.000148348 -0.006064649 0.999981582 0.000094155
0.999994695 -0.003161844 -0.000763452 0.000425614 0.003178542 0.999731243 0.022963826 -0.004248800 0.000690639 -0.022966132 0.999736011 0.002042960
0.999980748 -0.006189521 -0.000367880 0.001802957 0.006198007 0.999490142 0.031320684 -0.007682077 0.000173832 -0.031322364 0.999509335 0.001191497
0.999948561 -0.010141682 -0.000224868 -0.001252887 0.010143456 0.999368310 0.034059446 -0.012954935 -0.000120695 -0.034059975 0.999419808 -0.001968872
0.999915481 -0.012992419 0.000417457 -0.003027066 0.012974161 0.999469817 0.029862616 -0.018367877 -0.000805223 -0.029854678 0.999553919 0.001818985
0.999893367 -0.014507747 0.001684000 -0.001037482 0.014453642 0.999485970 0.028616417 -0.035401151 -0.002098294 -0.028589025 0.999589026 -0.005512165
0.999671578 -0.025288941 -0.004148665 0.012715640 0.025317458 0.999655128 0.006971514 -0.007645103 0.003970933 -0.007074258 0.999967098 -0.001379645
0.999617100 -0.027499679 0.003061702 -0.011601698 0.027503721 0.999620855 -0.001285947 -0.008821018 -0.003025178 0.001369663 0.999994457 0.013843812
0.999563515 -0.028936516 0.005954511 -0.024052881 0.029003590 0.999513090 -0.011504382 -0.007392863 -0.005618716 0.011672063 0.999916077 0.025268713
0.999749959 -0.019704100 0.010573550 -0.027651232 0.019654987 0.999795616 0.004728768 -0.089583874 -0.010664565 -0.004519761 0.999932945 0.000207324
0.999843717 -0.017124956 0.004385856 -0.038362619 0.017079299 0.999801636 0.010244342 -0.114588290 -0.004560420 -0.010167832 0.999937892 -0.001399596
0.999819100 -0.018070158 -0.005936807 -0.044862147 0.018131176 0.999781609 0.010390112 -0.130554259 0.005747759 -0.010495874 0.999928415 -0.003416748
0.999354959 -0.011494803 -0.034025270 -0.059394151 0.012006050 0.999817371 0.014859540 -0.167718217 0.033848260 -0.015258461 0.999310493 -0.010757294
0.998698831 -0.005724619 -0.050674446 -0.067320317 0.006774204 0.999765635 0.020564917 -0.188538328 0.050544843 -0.020881439 0.998503506 -0.014528117
0.996071696 0.011607683 -0.087786146 -0.081052594 -0.008794686 0.999437511 0.032362916 -0.225896239 0.088112421 -0.031463735 0.995613515 -0.022009447
0.992029488 0.029126346 -0.122593619 -0.098994926 -0.025147980 0.999109685 0.033875160 -0.259346873 0.123471133 -0.030522175 0.991878629 -0.024477089
0.987931550 0.041631732 -0.149191067 -0.117596366 -0.037375238 0.998813391 0.031222800 -0.285528630 0.150313899 -0.025269946 0.988315344 -0.018441856
0.984582365 0.050609447 -0.167440340 -0.137411326 -0.046990573 0.998569667 0.025507411 -0.306753129 0.168491751 -0.017246034 0.985552251 -0.011957323
0.981469035 0.061881788 -0.181353316 -0.158984005 -0.058964316 0.998029888 0.021440007 -0.325273484 0.182322755 -0.010349341 0.983184338 0.002319118
0.979657054 0.063206151 -0.190465197 -0.187738642 -0.061157562 0.997989774 0.016620684 -0.344041556 0.191132843 -0.004634189 0.981553257 0.014519128
0.977938354 0.059260782 -0.200311139 -0.210001364 -0.058505286 0.998240113 0.009694483 -0.379745781 0.200533107 0.002238651 0.979684353 0.024450330
0.977307200 0.064270996 -0.201841027 -0.239046916 -0.067737170 0.997649908 -0.010305488 -0.406347722 0.200704351 0.023743765 0.979364157 0.037349720
0.977317691 0.070462637 -0.199712753 -0.256974101 -0.076439112 0.996823430 -0.022364568 -0.419867784 0.197502494 0.037123155 0.979599297 0.041584544
